72 54 96 48
60 30 84 12
37 0 37 37
55 8 98 71
0 0 44 0
18 66 96 78
0 0 60 60
31 78 98 56
72 63 99 81
11 44 88 66
19 4 98 85
21 96 69 36
38 8 84 28
42 70 91 28
99 90 18 81
80 60 50 40
36 71 51 64
69 69 0 0
76 76 76 38
47 0 94 94
54 0 0 0
0 0 90 90
10 80 60 100
0 61 0 0
56 70 28 84
15 51 21 39
75 40 11 62
0 79 79 0
60 72 76 4
11 33 55 55
66 57 99 96
46 46 46 46
44 62 82 32
21 99 62 28
40 0 56 64
70 70 70 84
19 2 81 36
63 41 99 48
77 0 77 77
81 81 0 0
32 46 20 86
30 24 12 96
100 0 100 50
10 40 88 78
28 43 55 36
21 63 63 21
48 48 24 0
30 26 62 56
68 68 0 34
87 60 48 42
70 70 10 100
87 0 87 0
100 44 96 19
59 45 56 90
0 44 0 88
60 60 60 0
0 44 88 0
78 39 78 78
0 40 40 80
98 11 74 70
75 30 55 70
51 66 46 20
48 72 13 80
47 47 0 0
9 60 66 54
64 0 64 64
32 8 24 16
48 0 96 96
20 78 66 86
78 0 78 52
0 0 0 27
55 55 0 55
95 95 95 0
88 0 66 77
45 15 30 60
0 88 88 44
54 54 72 36
27 54 0 0
0 99 99 99
42 21 0 35
22 11 77 22
26 13 52 78
19 18 17 21
37 0 0 74
40 10 90 0
25 34 1 32
36 88 72 16
0 88 44 88
54 45 27 63
97 0 97 97
39 0 39 0
41 82 41 82
14 70 0 0
82 0 82 0
94 34 20 60
0 0 0 0
