54 4 28 18
81 0 27 81
3 46 54 68
82 0 82 41
26 15 46 24
18 81 9 27
48 12 48 96
32 53 99 86
17 85 17 0
12 48 78 12
91 0 7 77
0 26 10 74
70 70 0 70
0 39 78 0
53 96 31 10
58 58 87 0
94 0 0 0
75 75 45 15
4 29 90 12
25 26 93 91
28 0 0 84
80 20 85 10
65 0 65 0
54 27 81 27
64 0 0 0
44 0 84 96
27 3 26 96
72 72 84 36
0 0 0 95
87 83 16 20
86 0 0 86
0 0 96 96
44 88 44 22
0 39 0 78
92 46 92 92
61 0 0 61
70 84 98 14
0 0 0 85
90 26 78 60
0 0 40 56
88 24 72 56
27 45 27 63
72 64 88 8
36 36 36 0
59 47 8 88
45 0 75 90
3 30 13 16
9 27 36 99
70 15 85 50
4 31 72 84
0 63 0 63
97 97 0 97
72 0 0 0
53 53 0 0
0 80 80 0
0 33 44 55
17 82 33 29
90 36 14 96
0 0 72 36
75 78 54 6
0 0 32 32
85 85 85 85
0 43 0 0
89 40 31 14
79 79 0 79
32 24 56 56
61 0 0 0
100 46 6 36
60 60 0 30
75 48 98 8
42 0 21 84
87 0 29 87
56 16 56 80
0 45 45 0
96 96 96 96
10 85 45 30
0 0 76 76
0 0 0 74
15 13 24 6
15 96 96 90
97 0 97 97
86 0 0 86
55 66 44 88
0 86 86 0
59 59 0 59
0 43 86 86
1 58 28 89
0 50 65 30
97 8 51 3
52 52 52 52
95 69 96 31
98 56 84 0
45 30 75 60
96 32 32 32
0 88 88 66
0 0 0 0
