5
3
1
5
2
2
9
9
7
4
3
5
6
6
9
6
7
21
2
5
4
5
5
384
3
6
6
7
5
7
388
5
5
22
9
7
7
5
5
5
6
10
3
11
5
5
7
364
8
9
7
7
7
1
6
7
4
7
6
6
6
6
7
7
6
7
8
7
9
1
7
6
4
1
8
8
8
38
7
5
18
7
7
8
8
8
5
4
9
25
8
293
7
86
106
4
5
7
8
5
13
7
8
4
7
241
11
350
1
6
7
7
19
6
7
6
5
1
10000
7
5
20
7
6
5
5
7
5
285
6
5
6
8
9
7
4
9
9
1
5
2
7
7
10
6
5
338
7
3
7
7
9
4
2
4
7
7
2
5
49
5
5
1
3
4
8
10
4
7
6
46
3
3
5
9
7
5
12
2
5
8
3
11
8
12
8
5
7
4
5
48
5
6
7
9
7
7
4
9
6
5002
9
5
6
8
10
8
11
10
4
10
6
7
1
379
5
5
6
3
7
7
6
8
9
5
7
6
9
7
9
5
6
6
3
6
16
403
1
44
8
4
1
66
9
415
5
3
9
6
7
6
7
6
10
7
6
1
2
4
7