9
8
11
5
7
4
4
353
5
9
5
23
7
1
4
9
5
8
6
4
7
5
8
19
9
6
4
7
10000
6
8
23
1
9
5
6
9
5
4
9
1
8
5
6
1
5
4
7
7
8
6
7
5
4
33
3
2
1
4
5
6
17
7
3
30
6
7
5
301
7
3
9
7
1
6
10
38
8
342
4
5
11
4
6
3
8
10
1
2
6
4
7
8
6
39
5
8
9
4
7
7
7
8
6
6
5
7
6
5
7
9
7
4
5
4
288
4
8
6
2
8
7
7
5
6
4
7
77
7
4
6
4
2
6
5
6
6
3
9
4
9
8
5003
6
4
10
7
103
10
43
219
10
6
263
325
6
4
1
9
7
5
5
8
10
9
4
6
3
6
7
7
2
11
2
3
406
11
6
10
5
4
7
9
5
2
2
1
248
7
5
5
6
3
7
11
1
10
6
8
7
9
7
1
5
5
403
7
7
9
3
13
8
10
4
4
3
9
2
10
3
3
9
6
10
6
10
23
5
9
7
1
9
7
7
6
5
6
4
7
5
5
351
7
6
5
6
9
4
22
7
27
7
7
47
6
5
5
7
6
4